0.005 149.25
0.00525 142.142
0.0055125 135.374
0.00578813 128.927
0.00607753 122.788
0.00638141 116.941
0.00670048 111.372
0.0070355 106.069
0.00738728 101.018
0.00775664 96.2076
0.00814447 91.6263
0.0085517 87.2631
0.00897928 83.1077
0.00942825 79.1502
0.00989966 75.3812
0.0103946 71.7916
0.0109144 68.373
0.0114601 65.1171
0.0120331 62.0163
0.0126348 59.0632
0.0132665 56.2506
0.0139298 53.572
0.0146263 51.021
0.0153576 48.5914
0.0161255 46.2776
0.0169318 44.0739
0.0177784 41.9752
0.0186673 39.9764
0.0196006 38.0728
0.0205807 36.2598
0.0216097 34.5332
0.0226902 32.8888
0.0238247 31.3227
0.0250159 29.8311
0.0262667 28.4106
0.0275801 27.0578
0.0289591 25.7694
0.030407 24.5423
0.0319274 23.3737
0.0335238 22.2607
0.0351999 21.2008
0.0369599 20.1913
0.0388079 19.2299
0.0407483 18.3142
0.0427858 17.4422
0.044925 16.6118
0.0471713 15.8209
0.0495299 15.0676
0.0520063 14.3503
0.0546067 13.6671
0.057337 13.0165
0.0602038 12.3968
0.063214 11.8067
0.0663747 11.2447
0.0696935 10.7095
0.0731782 10.1999
0.0768371 9.71448
0.0806789 9.25225
0.0847129 8.81206
0.0889485 8.39288
0.0933959 7.9937
0.0980657 7.61358
0.102969 7.25161
0.108117 6.90694
0.113523 6.57876
0.1192 6.26627
0.125159 5.96874
0.131417 5.68547
0.137988 5.41578
0.144888 5.15904
0.152132 4.91465
0.159739 4.68203
0.167726 4.46062
0.176112 4.24991
0.184918 4.04941
0.194163 3.85865
0.203872 3.67718
0.214065 3.50457
0.224768 3.34044
0.236007 3.18439
0.247807 3.03608
0.260198 2.89515
0.273207 2.76129
0.286868 2.6342
0.301211 2.51358
0.316272 2.39916
0.332085 2.2907
0.34869 2.18793
0.366124 2.09064
0.38443 1.99861
0.403652 1.91162
0.423834 1.8295
0.445026 1.75204
0.467277 1.67907
0.490641 1.61042
0.515173 1.54592
0.540932 1.48542
0.567979 1.42874
0.596378 1.37574
0.626196 1.32625
0.657506 1.28013
0.690382 1.23722
0.724901 1.19736
0.761146 1.16041
0.799203 1.12619
0.839163 1.09457
0.881121 1.06539
0.925177 1.0385
0.971436 1.01375
1.02001 0.990993
