         127      95.5197
  0.00628319  0.000350777      0.00628392  0.000350795
  0.00644026   0.00038332      0.00644109  0.000383341
  0.00660127  0.000418771      0.00660219  0.000418797
   0.0067663  0.000457352      0.00676733  0.000457383
  0.00693546  0.000499363      0.00693662  0.000499401
  0.00710885  0.000545098      0.00711014  0.000545143
  0.00728657  0.000594843      0.00728801  0.000594896
  0.00746873  0.000648893      0.00747035  0.000648957
  0.00765545  0.000707667      0.00765726  0.000707743
  0.00784684  0.000771555      0.00784886  0.000771645
  0.00804301  0.000840911      0.00804526  0.000841018
  0.00824408  0.000916151       0.0082466  0.000916279
  0.00845019  0.000997831        0.008453  0.000997983
  0.00866144   0.00108647      0.00866458   0.00108665
  0.00887798   0.00118249      0.00888147    0.0011827
  0.00909993   0.00128648      0.00910383   0.00128674
  0.00932742   0.00139916      0.00933177   0.00139947
  0.00956061   0.00152121      0.00956546   0.00152157
  0.00979962   0.00165309      0.00980502   0.00165352
   0.0100446   0.00179567       0.0100506   0.00179617
   0.0102957   0.00194982       0.0103024   0.00195042
   0.0105531    0.0021164       0.0105606   0.00211711
    0.010817   0.00229591       0.0108252   0.00229675
   0.0110874   0.00248958       0.0110966   0.00249057
   0.0113646   0.00269846       0.0113748   0.00269963
   0.0116487    0.0029236         0.01166   0.00292498
   0.0119399   0.00316547       0.0119525   0.00316709
   0.0122384   0.00342578       0.0122524   0.00342769
   0.0125443   0.00370579       0.0125598   0.00370804
    0.012858   0.00400661       0.0128751   0.00400926
   0.0131794   0.00432873       0.0131984   0.00433182
   0.0135089   0.00467441       0.0135299   0.00467804
   0.0138466   0.00504511       0.0138699   0.00504937
   0.0141928   0.00544174       0.0142185   0.00544674
   0.0145476    0.0058652        0.014576   0.00587101
   0.0149113   0.00631795       0.0149427   0.00632474
   0.0152841   0.00680165       0.0153187   0.00680959
   0.0156662   0.00731695       0.0157043   0.00732621
   0.0160578   0.00786507       0.0160999   0.00787578
   0.0164593   0.00844886       0.0165056   0.00846134
   0.0168708   0.00907008       0.0169217   0.00908459
   0.0172925   0.00972836       0.0173485   0.00974523
   0.0177248    0.0104256       0.0177863     0.010445
    0.018168     0.011165       0.0182355    0.0111875
   0.0186222    0.0119483       0.0186962    0.0119743
   0.0190877    0.0127731       0.0191688    0.0128031
   0.0195649    0.0136433       0.0196537    0.0136776
    0.020054    0.0145616       0.0201512    0.0146011
   0.0205554    0.0155295       0.0206615    0.0155751
   0.0210693    0.0165422       0.0211852    0.0165939
    0.021596    0.0176057       0.0217224     0.017665
   0.0221359    0.0187222       0.0222737    0.0187901
   0.0226893    0.0198926       0.0228393    0.0199704
   0.0232565    0.0211095       0.0234197    0.0211972
   0.0238379    0.0223821       0.0240153    0.0224821
   0.0244339    0.0237115       0.0246264    0.0238255
   0.0250447    0.0250967       0.0252536    0.0252266
   0.0256708    0.0265312       0.0258971    0.0266764
   0.0263126    0.0280251       0.0265576    0.0281899
   0.0269704    0.0295794       0.0272354    0.0297664
   0.0276447    0.0311912       0.0279311    0.0314031
   0.0283358    0.0328576        0.028645    0.0330928
   0.0290442    0.0345889       0.0293778    0.0348548
   0.0297703     0.036387         0.03013    0.0366877
   0.0305146    0.0382487       0.0309021    0.0385884
   0.0312774    0.0401773       0.0316946    0.0405522
   0.0320594    0.0421833       0.0325084    0.0426063
   0.0328609    0.0442708       0.0333439    0.0447484
   0.0336824    0.0464405       0.0342018    0.0469798
   0.0345244    0.0487044       0.0350827    0.0492977
   0.0353875    0.0510727       0.0359877    0.0517432
   0.0362722    0.0535533       0.0369174    0.0543119
    0.037179    0.0561612       0.0378727     0.057021
   0.0381085    0.0589115       0.0388542    0.0598579
   0.0390612    0.0618172       0.0398635     0.062892
   0.0400378    0.0648927       0.0409014    0.0661169
   0.0410387    0.0681775       0.0419686    0.0695319
   0.0420647    0.0716804       0.0430673    0.0732265
   0.0431163    0.0754201       0.0441984    0.0771946
   0.0441942    0.0794211       0.0453631    0.0814627
   0.0452991    0.0837463       0.0465623    0.0860171
   0.0464315    0.0883883       0.0477995    0.0910163
   0.0475923    0.0933728       0.0490753    0.0964229
   0.0487821    0.0987365       0.0503917     0.102286
   0.0500017      0.10453       0.0517485      0.10851
   0.0512517     0.110738       0.0531517     0.115391
    0.052533     0.117382       0.0546013     0.122824
   0.0538463     0.124485       0.0560995     0.130857
   0.0551925      0.13204       0.0576432     0.139214
   0.0565723     0.140028        0.059243     0.148417
   0.0579866     0.148445       0.0608965     0.158228
   0.0594363     0.157236       0.0626046     0.168594
   0.0609222     0.166308       0.0643601     0.179027
   0.0624452     0.175647       0.0661783     0.190279
   0.0640064       0.1852       0.0680526     0.201891
   0.0656065     0.194747       0.0699793     0.213578
   0.0672467     0.204191       0.0719515     0.224917
   0.0689279     0.213532       0.0739819     0.236495
   0.0706511      0.22269       0.0760619       0.2478
   0.0724173     0.231301       0.0781814     0.258296
   0.0742278     0.239461       0.0803506     0.268434
   0.0760835      0.24723       0.0825606     0.277754
   0.0779855      0.25458       0.0848123     0.286278
   0.0799352     0.261302       0.0871207     0.294643
   0.0819336     0.267795       0.0894657     0.301919
   0.0839819     0.274197        0.091862     0.308733
   0.0860815     0.280625       0.0943171     0.315355
   0.0882335     0.287532       0.0968877     0.324053
   0.0904393     0.295195       0.0995102     0.332082
   0.0927003     0.303823        0.102232     0.341263
   0.0950178     0.313787         0.10507     0.352152
   0.0973933     0.325931        0.108102     0.367475
   0.0998281     0.339965        0.111241     0.383699
    0.102324     0.356042        0.114547     0.402869
    0.104882     0.374532        0.118045     0.425748
    0.107504     0.395372         0.12176     0.452911
    0.110192     0.417836        0.125641     0.482347
    0.112946     0.441666        0.129729     0.515303
     0.11577     0.466106        0.134024     0.551516
    0.118664     0.489744        0.138359     0.585123
    0.121631      0.51218        0.142943      0.62316
    0.124672     0.532814        0.147724     0.663611
    0.127788     0.549849        0.152675     0.705423
    0.130983     0.563398         0.15718     0.728003
    0.134258     0.574433        0.162426     0.770715
    0.137614     0.583268        0.168096      0.82257
    0.141054     0.590694          0.1744     0.890075
    0.144581     0.599235        0.179363     0.909261
    0.148195     0.610016        0.187181      1.01503
      0.1519     0.624066        0.196711      1.17177
    0.155698     0.645005        0.204375       1.2617
     0.15959     0.671456        0.217596      1.53474
     0.16358     0.702837        0.234103      1.93109
    0.167669     0.738891        0.250164      2.32132
    0.171861     0.776849        0.265581      2.69026
    0.176158     0.813246        0.274865      2.79884
    0.180562     0.846494        0.274307      2.50617
    0.185076     0.873992        0.270223      2.11258
    0.189703     0.892365        0.280148      2.22066
    0.194445     0.906386        0.275767      1.85256
    0.199306     0.917781        0.275157      1.63135
    0.204289      0.92944        0.277835      1.51551
    0.209396     0.948061        0.286765      1.56845
    0.214631     0.974145        0.293481      1.55661
    0.219997      1.00814        0.303474      1.62492
    0.225497      1.05085         0.31769      1.79634
    0.231134      1.09589         0.33117      1.94145
    0.236913      1.13851        0.353139      2.31186
    0.242835      1.17609        0.389721      3.13358
    0.248906      1.20295        0.466854      5.59834
    0.255129      1.22313        0.486442      5.93128
    0.261507       1.2424        0.705783      18.6591
    0.268045      1.26392         1.09947      68.0118
    0.274746      1.29606         1.27295      98.4587
    0.281615      1.33728         1.32943      104.203
    0.288655      1.38331         1.30822      92.0911
    0.295871      1.43127        0.970269      34.2669
    0.303268      1.47099        0.945865      29.3394
     0.31085      1.50361        0.713896      11.1131
    0.318621      1.53244        0.607227      5.92198
    0.326587       1.5604        0.586263      4.78472
    0.334751      1.59753         0.61195      5.10916
     0.34312      1.64115        0.640419      5.50211
    0.351698      1.68859        0.735336      8.14004
     0.36049      1.73594         1.02009      21.6586
    0.369503      1.77545         1.07614      23.7034
     0.37874      1.81249          1.8031      106.903
    0.388209      1.84955           2.186      177.548
    0.397914      1.89136         2.26138      182.549
    0.407862      1.93914         2.34739      189.641
    0.418058      1.98722         2.10731      127.078
     0.42851      2.03397         1.45227      37.9278
    0.439223      2.07678         1.19403      19.0906
    0.450203      2.12067         1.25464      20.6439
    0.461458      2.16741         1.30295      21.5105
    0.472995      2.21709          1.7064      45.9538
     0.48482      2.26709         2.58849      151.194
     0.49694      2.31526         2.69742      158.932
    0.509364       2.3637         3.15338      236.272
    0.522098      2.41339         3.21857       233.28
     0.53515      2.46556         2.87073      153.365
    0.548529      2.51764         2.99473      161.732
    0.562242       2.5698         2.46493      83.2647
    0.576298      2.62213         2.52284      82.8935
    0.590706      2.67603         2.75295      100.224
    0.605473      2.73062         3.35036       168.43
     0.62061      2.78574         3.99191      265.124
    0.636125      2.84117         4.19616      286.031
    0.652028      2.89764         4.34546       295.01
    0.668329      2.95479         4.21901       250.57
    0.685037      3.01258         3.98371      195.662
    0.702163       3.0709         4.24699      220.274
    0.719717      3.12998         4.41608      230.006
     0.73771      3.18976         4.96296      303.483
    0.756153      3.25024         5.27423      338.351
    0.775057       3.3114         5.31397      321.297
    0.794433      3.37318         5.50293      331.361
    0.814294       3.4357          5.5159      309.817
    0.834652      3.49897         5.81144      336.549
    0.855518      3.56291         6.19083       377.93
    0.876906      3.62748         6.40539      388.742
    0.898828      3.69279          6.6211      398.724
    0.921299      3.75884         6.74492        391.4
    0.944332       3.8255         7.00362      406.937
     0.96794      3.89283         7.24503       418.35
    0.992138      3.96091         7.59322      447.292
     1.01694      4.02973         7.84811      458.629
     1.04237      4.09913         8.07398      463.733
     1.06842      4.16928         8.34828      476.045
     1.09514       4.2402         8.67471      496.007
     1.12251      4.31186         9.00778      515.748
     1.15058       4.3841         9.30769      528.394
     1.17934      4.45708         9.60921      539.934
     1.20882      4.53082         9.94784      556.309
     1.23904      4.60528         10.3137      575.742
     1.27002      4.68024         10.6578      589.971
     1.30177      4.75603         11.0147      604.775
     1.33432      4.83265         11.4007      622.767
     1.36767      4.91004         11.8039      641.885
     1.40187      4.98788         12.1949       657.28
     1.43691      5.06652         12.6098      674.832
     1.47284      5.14594         13.0483      694.349
     1.50966      5.22603         13.4973      713.668
      1.5474      5.30679         13.9413      730.316
     1.58608      5.38833         14.4193      750.376
     1.62573      5.47063         14.9135      770.948
     1.66638      5.55355         15.4223       791.73
     1.70804      5.63713         15.9263      809.693
     1.75074      5.72152         16.4695      831.491
     1.79451       5.8067         17.0306      853.781
     1.83937      5.89245         17.6091      876.418
     1.88535       5.9789         18.1812       895.79
     1.93249      6.06612         18.7964      919.189
      1.9808      6.15409         19.4328       943.24
     2.03032      6.24264         20.0885      967.614
     2.08108      6.33195         20.7374      988.461
      2.1331      6.42201         21.4322      1013.29
     2.18643       6.5128         22.1533      1039.18
     2.24109      6.60427         22.8736      1062.22
     2.29712      6.69645         23.6305       1087.6
     2.35455      6.78938         24.4199       1114.6
     2.41341      6.88301         25.2378      1142.56
     2.47375      6.97728         26.0452      1166.12
     2.53559      7.07229          26.914      1194.91
     2.59898      7.16807         27.8032      1223.27
     2.66396      7.26461         28.7229      1252.44
     2.73055      7.36174          29.637      1277.64
     2.79882      7.45964         30.6249      1309.08
     2.86879      7.55831         31.6343      1339.85
     2.94051       7.6577         32.6809      1371.82
     3.01402      7.75777         33.7159       1398.8
     3.08937       7.8586         34.8213      1430.94
     3.16661      7.96018         35.9667      1464.28
     3.24577      8.06245         37.1509      1498.53
     3.32691      8.16533         38.3217       1527.3
     3.41009      8.26901         39.5755      1562.09
     3.49534      8.37351          40.866      1597.15
     3.58272      8.47861         42.2058      1633.85
     3.67229      8.58442         43.5299      1664.53
      3.7641      8.69099         44.9456      1701.47
      3.8582      8.79829         46.4119      1739.74
     3.95466      8.90623         47.9214      1778.36
     4.05352      9.01486         49.4179      1810.99
     4.15486      9.12426          51.014      1849.97
     4.25873      9.23445         52.6752      1891.25
      4.3652      9.34518         54.3302      1927.02
     4.47433      9.45665         56.0575       1965.6
     4.58619       9.5689         57.8697      2008.08
     4.70084      9.68189         59.7441      2051.86
     4.81836      9.79551         61.5958      2088.08
     4.93882      9.90988         63.5647      2130.95
     5.06229       10.025         65.6126       2176.3
     5.18885       10.141         67.7156      2221.55
     5.31857      10.2574         69.8057      2259.93
     5.45154      10.3747         72.0357      2306.21
     5.58783      10.4928         74.3427      2353.97
     5.72752      10.6115         76.7153      2401.96
     5.87071      10.7309         79.0741      2442.61
     6.01748      10.8511         81.5826      2491.01
     6.16791      10.9721         84.1893      2542.05
     6.32211      11.0936         86.8625      2592.65
     6.48016      11.2158         89.5229       2635.6
     6.64217      11.3388         92.3673      2688.21
     6.80822      11.4626         95.2897       2740.8
     6.97843      11.5869         98.3084      2794.76
     7.15289      11.7119         101.308       2840.1
     7.33171      11.8377         104.502       2894.7
       7.515      11.9643         107.816      2951.95
     7.70288      12.0915         111.206      3008.02
     7.89545      12.2194         114.587      3055.86
     8.09284      12.3481         118.199       3114.6
     8.29516      12.4776         121.916      3173.71
     8.50254      12.6076         125.656       3226.8
      8.7151      12.7384         129.555       3284.1
     8.93298        12.87         133.617      3345.57
      9.1563      13.0024         137.812      3408.58
     9.38521      13.1352         141.977      3460.95
     9.61984      13.2689         146.392      3523.12
     9.86034      13.4033         150.977       3588.7
     10.1068      13.5385         155.677      3653.48
     10.3595      13.6738         160.364      3708.41
     10.6185      13.8102         165.363      3775.81
      10.884      13.9476         170.494      3842.87
     11.1561      14.0855         175.804      3912.36
      11.435      14.2239         181.082      3970.17
     11.7208      14.3631         186.688      4039.85
     12.0139       14.503         192.474      4111.14
     12.3142      14.6439         198.464      4185.22
     12.6221      14.7853         204.405      4245.99
     12.9376      14.9273          210.71      4319.08
     13.2611        15.07         217.215      4393.75
     13.5926      15.2135         223.944       4471.1
     13.9324      15.3576         230.627       4534.8
     14.2807      15.5025          237.73      4612.21
     14.6377      15.6479         245.045      4690.57
     15.0037      15.7941         252.557      4768.61
     15.3788      15.9408          260.07      4835.23
     15.7632      16.0884          268.09      4918.32
     16.1573      16.2368         276.275      4998.38
     16.5612      16.3857         284.583      5072.97
     16.9753      16.5353         293.219      5152.77
     17.3997      16.6857         302.176       5236.9
     17.8346      16.8368          311.41      5322.57
     18.2805      16.9884         320.628      5394.61
     18.7375      17.1405         330.435      5483.28
      19.206      17.2933         340.497      5571.28
     19.6861       17.447         350.904      5662.51
     20.1783      17.6015         361.265      5737.89
     20.6827      17.7566         372.383       5835.4
     21.1998      17.9122         383.502      5918.81
     21.7298      18.0684         395.248      6016.88
      22.273      18.2255         406.886      6095.48
     22.8299      18.3831         419.253      6192.28
     23.4006      18.5412         432.012      6291.27
     23.9856      18.6999         444.926      6381.79
     24.5853      18.8595         457.991      6463.66
     25.1999      19.0197         471.908      6566.15
     25.8299      19.1805         486.343      6674.16
     26.4756      19.3418         500.878      6770.08
     27.1375      19.5038         515.547      6855.35
      27.816      19.6665         531.093      6959.33
     28.5114      19.8297         547.252      7070.46
     29.2241      19.9934         563.625      7172.73
     29.9547       20.158         580.087      7261.45
     30.7036       20.323         597.621      7373.11
     31.4712      20.4885         615.496      7479.59
      32.258      20.6547         633.663      7578.88
     33.0644      20.8213         652.472      7683.25
     33.8911      20.9884         671.962      7793.32
     34.7383      21.1564         692.245      7912.21
     35.6068      21.3246         712.366      8006.76
      36.497      21.4935         733.612      8120.37
     37.4094       21.663         755.784      8245.16
     38.3446      21.8328         778.202      8358.17
     39.3032      22.0033         800.764      8456.23
     40.2858       22.174         824.425      8569.33
      41.293      22.3452         849.331      8700.67
     42.3253      22.5174         874.635      8823.33
     43.3834      22.6894         899.918      8924.62
      44.468       22.862           926.5      9043.68
     45.5797      23.0352         954.344      9178.11
     46.7192      23.2088         982.792      9307.92
     47.8872      23.3824         1011.12      9412.58
     49.0843      23.5566         1040.73      9531.14
     50.3115            0               0            0
     51.5692            0               0            0
     52.8585            0               0            0
     54.1799            0               0            0
     55.5344            0               0            0
     56.9228            0               0            0
     58.3459            0               0            0
     59.8045            0               0            0
     61.2996            0               0            0
     62.8321            0               0            0
     64.4029            0               0            0
      66.013            0               0            0
     67.6633            0               0            0
     69.3549            0               0            0
     71.0888            0               0            0
      72.866            0               0            0
     74.6876            0               0            0
     76.5548            0               0            0
     78.4687            0               0            0
     80.4304            0               0            0
     82.4412            0               0            0
     84.5022            0               0            0
     86.6148            0               0            0
     88.7801            0               0            0
     90.9996            0               0            0
     93.2746            0               0            0
     95.6065            0               0            0
     97.9967            0               0            0
     100.447            0               0            0
     102.958            0               0            0
     105.532            0               0            0
      108.17            0               0            0
     110.874            0               0            0
     113.646            0               0            0
     116.487            0               0            0
     119.399            0               0            0
     122.384            0               0            0
     125.444            0               0            0
      128.58            0               0            0
     131.795            0               0            0
     135.089            0               0            0
     138.467            0               0            0
     141.928            0               0            0
     145.477            0               0            0
     149.113            0               0            0
     152.841            0               0            0
     156.662            0               0            0
     160.579            0               0            0
     164.593            0               0            0
     168.708            0               0            0
     172.926            0               0            0
     177.249            0               0            0
      181.68            0               0            0
     186.222            0               0            0
     190.878            0               0            0
      195.65            0               0            0
     200.541            0               0            0
     205.555            0               0            0
     210.693            0               0            0
     215.961            0               0            0
      221.36            0               0            0
     226.894            0               0            0
     232.566            0               0            0
      238.38            0               0            0
      244.34            0               0            0
     250.448            0               0            0
      256.71            0               0            0
     263.127            0               0            0
     269.705            0               0            0
     276.448            0               0            0
     283.359            0               0            0
     290.443            0               0            0
     297.704            0               0            0
     305.147            0               0            0
     312.776            0               0            0
     320.595            0               0            0
      328.61            0               0            0
     336.825            0               0            0
     345.246            0               0            0
     353.877            0               0            0
     362.724            0               0            0
     371.792            0               0            0
     381.087            0               0            0
     390.614            0               0            0
     400.379            0               0            0
     410.389            0               0            0
     420.648            0               0            0
     431.165            0               0            0
     441.944            0               0            0
     452.992            0               0            0
     464.317            0               0            0
     475.925            0               0            0
     487.823            0               0            0
     500.019            0               0            0
     512.519            0               0            0
     525.332            0               0            0
     538.466            0               0            0
     551.927            0               0            0
     565.725            0               0            0
     579.869            0               0            0
     594.365            0               0            0
     609.224            0               0            0
     624.455            0               0            0
     640.066            0               0            0
     656.068            0               0            0
      672.47            0               0            0
     689.281            0               0            0
     706.514            0               0            0
     724.176            0               0            0
     742.281            0               0            0
     760.838            0               0            0
     779.859            0               0            0
     799.355            0               0            0
     819.339            0               0            0
     839.823            0               0            0
     860.818            0               0            0
     882.339            0               0            0
     904.397            0               0            0
     927.007            0               0            0
     950.182            0               0            0
     973.937            0               0            0
     998.285            0               0            0
     1023.24            0               0            0
     1048.82            0               0            0
     1075.04            0               0            0
     1101.92            0               0            0
     1129.47            0               0            0
      1157.7            0               0            0
     1186.65            0               0            0
     1216.31            0               0            0
     1246.72            0               0            0
     1277.89            0               0            0
     1309.84            0               0            0
     1342.58            0               0            0
     1376.15            0               0            0
     1410.55            0               0            0
     1445.81            0               0            0
     1481.96            0               0            0
     1519.01            0               0            0
     1556.98            0               0            0
     1595.91            0               0            0
     1635.81            0               0            0
      1676.7            0               0            0
     1718.62            0               0            0
     1761.58            0               0            0
     1805.62            0               0            0
     1850.76            0               0            0
     1897.03            0               0            0
     1944.46            0               0            0
     1993.07            0               0            0
      2042.9            0               0            0
     2093.97            0               0            0
     2146.32            0               0            0
     2199.98            0               0            0
     2254.98            0               0            0
     2311.35            0               0            0
     2369.14            0               0            0
     2428.36            0               0            0
     2489.07            0               0            0
      2551.3            0               0            0
     2615.08            0               0            0
     2680.46            0               0            0
     2747.47            0               0            0
     2816.16            0               0            0
     2886.56            0               0            0
     2958.73            0               0            0
     3032.69            0               0            0
     3108.51            0               0            0
     3186.22            0               0            0
     3265.88            0               0            0
     3347.53            0               0            0
     3431.21            0               0            0
     3516.99            0               0            0
     3604.92            0               0            0
     3695.04            0               0            0
     3787.42            0               0            0
      3882.1            0               0            0
     3979.16            0               0            0
     4078.64            0               0            0
      4180.6            0               0            0
     4285.12            0               0            0
     4392.24            0               0            0
     4502.05            0               0            0
      4614.6            0               0            0
     4729.97            0               0            0
     4848.22            0               0            0
     4969.42            0               0            0
     5093.66            0               0            0
        5221            0               0            0
     5351.52            0               0            0
     5485.31            0               0            0
     5622.44            0               0            0
     5763.01            0               0            0
     5907.08            0               0            0
     6054.76            0               0            0
     6206.13            0               0            0
